0	9	13	4	0	0	40	0	0	0	23	0	13	0	0	0	3	0	7	13	0	0	0	0	0	0	0	0	4	0	0	0	0	0	0	0	0	0	0	0	0	0	0	0	0	0	0	0	0	0	4	0	0	0	0	0	53	3	3	0	21	0	4	0	7	0	0	0	0	3	0	0	26	0	3	0	4	0	0	0	4	0	0	0	15	0	0	0	9	0
9	0	3	20	0	0	0	43	0	0	0	30	0	4	0	0	0	7	10	6	0	0	0	0	0	0	0	0	0	0	0	0	3	0	0	0	0	0	0	0	0	0	0	0	0	0	0	0	0	0	0	0	0	0	0	0	0	50	0	6	0	31	0	12	0	18	0	0	22	0	0	0	0	20	0	4	0	3	0	0	0	0	0	0	0	11	0	0	0	5
13	3	0	17	0	0	57	4	6	0	11	0	17	0	3	0	0	0	4	20	0	0	10	21	0	0	0	0	4	0	0	8	0	4	0	0	0	0	0	0	0	0	0	0	0	0	0	0	0	0	4	0	0	0	0	0	3	0	0	0	0	0	0	0	0	0	0	0	0	0	7	0	25	0	3	0	12	0	0	0	0	0	0	0	0	0	0	0	0	0
4	20	17	0	0	0	4	68	0	6	0	18	0	13	0	5	0	5	41	4	0	0	24	12	0	0	0	0	0	0	4	3	3	0	0	0	0	0	0	0	0	0	0	0	0	0	0	0	0	0	0	0	0	0	0	0	0	3	0	3	0	0	0	0	0	0	0	0	5	0	0	8	0	25	0	4	0	13	0	0	0	0	0	0	0	0	0	0	0	0
0	0	0	0	0	4	0	0	12	0	0	0	0	0	22	0	0	0	0	0	4	0	0	4	5	7	13	3	3	0	0	0	0	0	0	0	0	0	0	0	0	0	4	0	0	0	3	0	0	0	5	0	0	0	0	0	0	0	0	0	0	0	0	0	0	0	0	0	0	0	12	0	11	0	3	0	4	0	0	0	0	0	14	0	0	0	4	0	0	0
0	0	0	0	4	0	0	0	0	13	0	0	0	0	0	17	0	0	0	0	0	3	3	0	5	4	3	12	0	0	0	0	0	0	0	0	0	0	0	0	0	0	0	0	0	0	0	3	0	0	0	0	0	0	0	0	0	0	0	0	0	0	0	0	0	0	0	0	0	0	0	9	0	10	0	3	0	3	0	0	0	0	0	11	0	0	0	7	0	0
40	0	57	4	0	0	0	4	5	0	22	0	46	0	0	0	3	0	7	0	0	0	9	6	0	0	0	0	4	0	0	0	0	0	0	0	0	0	0	0	0	0	0	0	0	0	0	0	0	0	4	0	0	0	0	0	5	0	0	0	0	0	0	0	0	0	0	0	0	0	3	0	16	0	0	0	6	0	0	0	0	0	0	0	0	0	0	0	0	0
0	43	4	68	0	0	4	0	0	5	0	30	0	29	0	3	0	4	3	8	0	0	9	13	0	0	0	0	0	0	0	0	0	0	0	0	0	0	0	0	0	0	0	0	0	0	0	0	0	0	0	3	0	0	0	0	0	4	0	0	0	0	0	0	0	3	0	0	0	0	0	3	0	17	0	0	0	5	0	0	0	0	0	0	0	0	0	0	0	0
0	0	6	0	12	0	5	0	0	0	0	0	0	0	28	0	0	0	0	0	0	0	0	0	0	0	0	0	3	0	0	0	0	0	0	0	0	0	0	0	0	0	4	0	0	0	3	0	0	0	7	0	0	0	0	0	0	0	0	0	0	0	0	0	0	0	0	0	0	0	5	0	14	0	3	0	4	0	0	0	0	0	11	0	0	0	3	0	0	0
0	0	0	6	0	13	0	5	0	0	0	0	0	0	0	21	0	0	0	0	0	0	0	0	0	0	0	0	0	3	0	0	0	0	0	0	0	0	0	0	0	0	0	5	0	0	0	8	0	5	0	6	0	3	0	0	0	3	0	3	0	0	0	0	0	3	0	0	0	0	0	5	0	18	0	4	0	4	0	0	0	0	0	15	0	0	0	8	0	0
23	0	11	0	0	0	22	0	0	0	0	0	17	0	0	0	4	0	6	0	0	0	3	0	0	0	0	0	9	0	0	0	0	0	0	0	0	0	0	0	0	0	0	0	0	0	0	0	0	0	0	0	0	0	0	0	5	0	0	0	3	0	0	0	0	0	0	0	0	0	0	0	5	0	0	0	0	0	0	0	0	0	0	0	4	0	0	0	3	0
0	30	0	18	0	0	0	30	0	0	0	0	0	17	0	0	0	6	0	6	0	0	0	6	0	0	0	0	0	10	0	0	0	0	0	0	0	0	0	0	0	0	0	0	0	0	0	0	0	0	0	0	0	0	0	0	0	3	0	0	0	0	0	3	0	0	0	0	0	0	0	0	0	8	0	0	0	0	0	0	0	0	0	0	0	0	0	0	0	0
13	0	17	0	0	0	46	0	0	0	17	0	0	0	9	0	0	0	3	0	0	0	6	3	0	0	0	0	18	0	0	0	0	0	0	0	0	0	0	0	0	0	0	0	0	0	0	0	0	0	7	0	0	0	0	0	4	0	0	0	3	0	0	0	0	0	0	0	0	0	0	0	17	0	0	0	5	0	0	0	0	0	3	0	3	0	0	0	0	0
0	4	0	13	0	0	0	29	0	0	0	17	0	0	0	7	0	0	0	0	0	0	3	6	0	0	0	0	0	13	0	0	0	0	0	0	0	0	0	0	0	0	0	0	0	0	0	0	0	0	0	5	0	0	0	0	0	4	0	3	0	0	0	0	0	4	0	0	0	0	0	0	0	15	0	0	0	3	0	0	0	0	0	0	0	3	0	0	0	0
0	0	3	0	22	0	0	0	28	0	0	0	9	0	0	0	0	0	0	0	0	0	0	0	0	0	5	0	24	0	0	0	0	0	0	0	0	0	0	0	0	0	4	0	0	0	0	0	0	0	7	0	0	0	0	0	0	0	0	0	0	0	0	0	0	0	0	0	0	0	0	0	14	0	0	0	0	0	0	0	0	0	22	0	0	0	3	0	0	0
0	0	0	5	0	17	0	3	0	21	0	0	0	7	0	0	0	0	0	0	0	0	0	0	0	0	0	4	0	26	0	0	0	0	0	0	0	0	0	0	0	0	0	4	0	0	0	5	0	5	0	9	0	3	0	0	0	3	0	4	0	0	0	0	0	4	0	0	0	0	0	0	0	15	0	0	0	0	0	0	0	0	0	16	0	3	0	5	0	0
3	0	0	0	0	0	3	0	0	0	4	0	0	0	0	0	0	0	0	0	0	0	0	0	0	0	0	0	23	0	0	0	0	0	0	0	0	0	0	0	0	0	0	0	0	0	0	0	0	0	0	0	0	0	0	0	10	0	0	0	3	0	7	0	0	0	0	0	0	0	0	0	0	0	0	0	0	0	4	0	16	0	0	0	6	0	0	0	3	0
0	7	0	5	0	0	0	4	0	0	0	6	0	0	0	0	0	0	0	3	0	0	0	0	0	0	0	0	0	24	0	0	0	0	0	0	0	0	0	0	0	0	0	0	0	0	0	0	0	0	0	0	0	0	0	0	0	8	0	0	0	7	0	25	0	3	0	0	0	0	0	0	0	6	0	0	0	0	0	4	0	16	0	3	0	3	0	0	0	0
7	10	4	41	0	0	7	3	0	0	6	0	3	0	0	0	0	0	0	100	0	0	4	9	0	0	0	0	3	0	0	0	24	8	0	0	0	0	0	0	0	0	0	0	0	0	0	0	0	0	0	0	0	0	0	0	0	0	0	0	0	0	0	0	0	0	4	0	8	0	4	0	14	3	0	0	10	0	0	0	0	0	0	0	0	0	0	0	0	0
13	6	20	4	0	0	0	8	0	0	0	6	0	0	0	0	0	3	100	0	0	0	4	4	0	0	0	0	0	0	0	0	6	31	0	0	0	0	0	0	0	0	0	0	0	0	0	0	0	0	0	0	0	0	0	0	0	0	0	0	0	0	0	0	0	0	0	6	18	8	0	3	3	6	0	0	0	4	0	0	0	0	0	0	0	0	0	0	0	0
0	0	0	0	4	0	0	0	0	0	0	0	0	0	0	0	0	0	0	0	0	3	0	0	3	0	9	0	0	0	7	0	0	0	0	0	0	0	0	0	0	0	0	0	0	0	0	0	0	0	0	0	0	0	0	0	0	0	0	0	0	0	0	0	0	0	0	0	0	0	5	0	0	0	0	0	0	0	0	0	0	0	5	0	0	0	0	0	0	0
0	0	0	0	0	3	0	0	0	0	0	0	0	0	0	0	0	0	0	0	3	0	0	0	0	5	0	9	0	0	3	6	0	0	0	0	0	0	0	0	0	0	0	0	0	0	0	0	0	0	0	0	0	0	0	0	0	0	0	0	0	0	0	0	0	0	0	0	0	0	0	4	0	0	0	0	0	0	0	0	0	0	0	4	0	0	0	3	0	0
0	0	10	24	0	3	9	9	0	0	3	0	6	3	0	0	0	0	4	4	0	0	0	35	4	0	0	0	0	0	30	10	10	4	0	0	0	0	0	0	0	0	0	0	0	0	0	0	0	0	0	0	0	0	0	0	0	0	0	0	0	0	0	0	0	0	5	0	0	0	3	0	4	0	0	0	3	0	0	0	0	0	0	0	0	0	0	0	0	0
0	0	21	12	4	0	6	13	0	0	0	6	3	6	0	0	0	0	9	4	0	0	35	0	3	6	0	0	0	0	7	24	3	10	0	0	0	0	0	0	0	0	0	0	0	0	0	0	0	0	0	0	0	0	0	0	0	0	0	0	0	0	0	0	0	0	0	3	0	0	0	5	0	4	0	0	0	4	0	0	0	0	0	0	0	0	0	0	0	0
0	0	0	0	5	5	0	0	0	0	0	0	0	0	0	0	0	0	0	0	3	0	4	3	0	14	11	4	0	0	9	3	0	0	0	0	0	0	0	0	0	0	0	0	0	0	0	0	0	0	0	0	0	0	0	0	0	0	0	0	0	0	0	0	0	0	0	0	0	0	8	0	3	0	0	0	0	0	0	0	0	0	3	0	0	0	0	0	0	0
0	0	0	0	7	4	0	0	0	0	0	0	0	0	0	0	0	0	0	0	0	5	0	6	14	0	6	10	0	0	4	10	0	0	0	0	0	0	0	0	0	0	0	0	0	0	0	0	0	0	0	0	0	0	0	0	0	0	0	0	0	0	0	0	0	0	0	0	0	0	3	7	0	3	0	0	0	0	0	0	0	0	0	0	0	0	0	0	0	0
0	0	0	0	13	3	0	0	0	0	0	0	0	0	5	0	0	0	0	0	9	0	0	0	11	6	0	15	0	0	5	0	0	0	0	0	0	0	0	0	0	0	0	0	0	0	0	0	0	0	0	0	0	0	0	0	0	0	0	0	0	0	0	0	0	0	0	0	0	0	6	0	0	0	0	0	0	0	0	0	0	0	5	0	0	0	0	0	0	0
0	0	0	0	3	12	0	0	0	0	0	0	0	0	0	4	0	0	0	0	0	9	0	0	4	10	15	0	0	0	0	3	0	0	0	0	0	0	0	0	0	0	0	0	0	0	0	0	0	0	0	0	0	0	0	0	0	0	0	0	0	0	0	0	0	0	0	0	0	0	0	5	0	0	0	0	0	0	0	0	0	0	0	4	0	0	0	4	0	0
4	0	4	0	3	0	4	0	3	0	9	0	18	0	24	0	23	0	3	0	0	0	0	0	0	0	0	0	0	0	0	0	0	0	0	0	0	0	0	0	0	0	0	0	0	0	0	0	0	0	7	0	0	0	0	0	6	0	3	0	3	0	0	0	4	0	0	0	0	0	0	0	3	0	0	0	0	0	4	0	10	0	11	0	4	0	0	0	3	0
0	0	0	0	0	0	0	0	0	3	0	10	0	13	0	26	0	24	0	0	0	0	0	0	0	0	0	0	0	0	0	0	0	0	0	0	0	0	0	0	0	0	0	0	0	0	0	0	0	3	0	7	0	0	0	0	0	3	0	6	0	3	0	5	0	6	0	0	0	0	0	0	0	4	0	0	0	0	0	0	0	10	0	11	0	5	0	0	0	3
0	0	0	4	0	0	0	0	0	0	0	0	0	0	0	0	0	0	0	0	7	3	30	7	9	4	5	0	0	0	0	14	18	0	0	0	0	0	0	0	0	0	0	0	0	0	0	0	0	0	0	0	0	0	0	0	0	0	0	0	0	0	0	0	0	0	12	0	0	0	3	0	0	0	0	0	0	0	0	0	0	0	0	0	0	0	0	0	0	0
0	0	8	3	0	0	0	0	0	0	0	0	0	0	0	0	0	0	0	0	0	6	10	24	3	10	0	3	0	0	14	0	0	22	0	0	0	0	0	0	0	0	0	0	0	0	0	0	0	0	0	0	0	0	0	0	0	0	0	0	0	0	0	0	0	0	0	13	0	0	0	0	0	0	0	0	0	0	0	0	0	0	0	0	0	0	0	0	0	0
0	3	0	3	0	0	0	0	0	0	0	0	0	0	0	0	0	0	24	6	0	0	10	3	0	0	0	0	0	0	18	0	0	12	9	0	0	0	0	0	0	0	0	0	3	0	0	0	0	0	0	0	0	0	0	0	0	3	0	0	0	0	0	0	0	0	41	7	14	4	0	0	0	0	0	0	0	0	0	0	0	0	0	0	0	0	0	0	0	0
0	0	4	0	0	0	0	0	0	0	0	0	0	0	0	0	0	0	8	31	0	0	4	10	0	0	0	0	0	0	0	22	12	0	4	6	0	0	0	0	0	0	0	0	0	3	0	0	0	0	0	0	0	0	0	0	0	0	0	0	0	0	0	0	0	0	7	47	4	6	0	0	0	0	0	0	0	0	0	0	0	0	0	0	0	0	0	0	0	0
0	0	0	0	0	0	0	0	0	0	0	0	0	0	0	0	0	0	0	0	0	0	0	0	0	0	0	0	0	0	0	0	9	4	0	5	0	0	0	0	0	0	0	0	3	0	0	0	0	0	0	0	0	0	0	0	0	0	0	0	0	0	0	0	0	0	12	6	0	0	0	0	0	0	0	0	0	0	0	0	0	0	0	0	0	0	0	0	0	0
0	0	0	0	0	0	0	0	0	0	0	0	0	0	0	0	0	0	0	0	0	0	0	0	0	0	0	0	0	0	0	0	0	6	5	0	0	0	0	0	0	0	0	0	0	3	0	0	0	0	0	0	0	0	0	0	0	0	0	0	0	0	0	0	0	0	4	11	0	0	0	0	0	0	0	0	0	0	0	0	0	0	0	0	0	0	0	0	0	0
0	0	0	0	0	0	0	0	0	0	0	0	0	0	0	0	0	0	0	0	0	0	0	0	0	0	0	0	0	0	0	0	0	0	0	0	0	0	26	0	5	0	4	0	3	0	5	0	0	0	0	0	0	0	8	0	0	0	0	0	0	0	0	0	0	0	4	0	0	0	0	0	0	0	0	0	3	0	0	0	0	0	7	0	0	0	12	0	4	0
0	0	0	0	0	0	0	0	0	0	0	0	0	0	0	0	0	0	0	0	0	0	0	0	0	0	0	0	0	0	0	0	0	0	0	0	0	0	0	23	0	6	3	3	0	0	0	4	0	0	0	0	0	0	0	6	0	0	0	0	0	0	0	0	0	0	0	3	0	0	0	4	0	0	0	0	0	4	0	0	0	0	0	3	0	0	0	11	0	4
0	0	0	0	0	0	0	0	0	0	0	0	0	0	0	0	0	0	0	0	0	0	0	0	0	0	0	0	0	0	0	0	0	0	0	0	26	0	0	0	8	0	7	0	3	0	14	0	0	0	0	0	0	0	32	0	0	0	0	0	0	0	0	0	0	0	8	0	0	0	0	0	0	0	0	0	0	0	0	0	0	0	5	0	0	0	8	0	3	0
0	0	0	0	0	0	0	0	0	0	0	0	0	0	0	0	0	0	0	0	0	0	0	0	0	0	0	0	0	0	0	0	0	0	0	0	0	23	0	0	0	7	0	6	0	3	0	13	0	0	0	0	0	0	0	33	0	0	0	0	0	0	0	0	0	0	0	8	0	0	0	0	0	0	0	0	0	0	0	0	0	0	0	3	0	0	0	10	0	4
0	0	0	0	0	0	0	0	0	0	0	0	0	0	0	0	0	0	0	0	0	0	0	0	0	0	0	0	0	0	0	0	0	0	0	0	5	0	8	0	0	0	0	0	0	0	0	0	0	0	0	0	0	0	0	0	0	0	0	0	0	0	0	0	0	0	0	0	0	0	0	0	0	0	0	0	0	0	0	0	0	0	6	0	0	0	3	0	0	0
0	0	0	0	0	0	0	0	0	0	0	0	0	0	0	0	0	0	0	0	0	0	0	0	0	0	0	0	0	0	0	0	0	0	0	0	0	6	0	7	0	0	0	0	0	0	0	0	0	0	0	0	0	0	0	0	0	0	0	0	0	0	0	0	0	0	0	0	0	0	0	0	0	0	0	0	0	0	0	0	0	0	0	3	0	0	0	3	0	0
0	0	0	0	4	0	0	0	4	0	0	0	0	0	4	0	0	0	0	0	0	0	0	0	0	0	0	0	0	0	0	0	0	0	0	0	4	3	7	0	0	0	0	7	49	6	37	4	10	0	6	0	3	0	5	0	0	0	0	0	0	0	0	0	0	0	14	0	0	0	0	0	0	0	0	0	0	0	0	0	0	0	6	0	6	0	5	0	7	0
0	0	0	0	0	0	0	0	0	5	0	0	0	0	0	4	0	0	0	0	0	0	0	0	0	0	0	0	0	0	0	0	0	0	0	0	0	3	0	6	0	0	7	0	5	61	0	40	3	9	0	3	0	4	0	4	0	0	0	0	0	0	0	0	0	0	0	20	0	0	0	0	0	0	0	0	0	0	0	0	0	0	0	3	0	4	0	5	0	4
0	0	0	0	0	0	0	0	0	0	0	0	0	0	0	0	0	0	0	0	0	0	0	0	0	0	0	0	0	0	0	0	3	0	3	0	3	0	3	0	0	0	49	5	0	8	12	0	13	5	0	0	0	0	0	0	0	0	0	0	0	0	0	0	0	0	20	5	0	0	0	0	0	0	0	0	0	0	0	0	0	0	0	0	0	0	0	0	0	0
0	0	0	0	0	0	0	0	0	0	0	0	0	0	0	0	0	0	0	0	0	0	0	0	0	0	0	0	0	0	0	0	0	3	0	3	0	0	0	3	0	0	6	61	8	0	0	18	7	13	0	0	0	0	0	0	0	0	3	0	0	0	0	0	0	0	5	24	0	0	0	0	0	0	0	0	0	0	0	0	0	0	0	0	0	0	0	0	0	0
0	0	0	0	3	0	0	0	3	0	0	0	0	0	0	0	0	0	0	0	0	0	0	0	0	0	0	0	0	0	0	0	0	0	0	0	5	0	14	0	0	0	37	0	12	0	0	3	3	0	6	0	9	0	47	0	0	0	0	0	0	0	0	0	0	0	6	0	0	0	0	0	0	0	0	0	0	0	0	0	0	0	7	0	5	0	8	0	10	0
0	0	0	0	0	3	0	0	0	8	0	0	0	0	0	5	0	0	0	0	0	0	0	0	0	0	0	0	0	0	0	0	0	0	0	0	0	4	0	13	0	0	4	40	0	18	3	0	0	3	0	0	0	9	0	42	0	0	0	0	0	0	0	0	0	0	0	9	0	0	0	0	0	0	0	0	0	0	0	0	0	0	0	7	0	9	0	11	0	9
0	0	0	0	0	0	0	0	0	0	0	0	0	0	0	0	0	0	0	0	0	0	0	0	0	0	0	0	0	0	0	0	0	0	0	0	0	0	0	0	0	0	10	3	13	7	3	0	0	7	28	0	5	0	4	0	0	0	7	0	0	0	0	0	0	0	4	3	0	0	0	0	0	0	0	0	0	0	0	0	3	0	3	0	4	0	0	0	5	0
0	0	0	0	0	0	0	0	0	5	0	0	0	0	0	5	0	0	0	0	0	0	0	0	0	0	0	0	0	3	0	0	0	0	0	0	0	0	0	0	0	0	0	9	5	13	0	3	7	0	0	24	0	8	0	7	0	0	0	7	0	0	0	0	0	3	3	6	0	0	0	0	0	0	0	0	0	0	0	0	0	4	0	3	0	8	0	5	0	11
4	0	4	0	5	0	4	0	7	0	0	0	7	0	7	0	0	0	0	0	0	0	0	0	0	0	0	0	7	0	0	0	0	0	0	0	0	0	0	0	0	0	6	0	0	0	6	0	28	0	0	0	29	0	18	0	4	0	26	0	12	0	0	0	10	0	4	0	0	0	0	0	5	0	0	0	4	0	0	0	30	0	9	0	44	0	6	0	32	0
0	0	0	0	0	0	0	3	0	6	0	0	0	5	0	9	0	0	0	0	0	0	0	0	0	0	0	0	0	7	0	0	0	0	0	0	0	0	0	0	0	0	0	3	0	0	0	0	0	24	0	0	0	18	0	9	0	0	0	12	0	0	0	0	0	12	0	0	0	0	0	0	0	3	0	0	0	0	0	0	0	23	0	7	0	34	0	5	0	30
0	0	0	0	0	0	0	0	0	0	0	0	0	0	0	0	0	0	0	0	0	0	0	0	0	0	0	0	0	0	0	0	0	0	0	0	0	0	0	0	0	0	3	0	0	0	9	0	5	0	29	0	0	0	23	0	0	0	0	0	0	0	0	0	0	0	0	0	0	0	0	0	0	0	0	0	0	0	0	0	0	0	3	0	6	0	3	0	17	0
0	0	0	0	0	0	0	0	0	3	0	0	0	0	0	3	0	0	0	0	0	0	0	0	0	0	0	0	0	0	0	0	0	0	0	0	0	0	0	0	0	0	0	4	0	0	0	9	0	8	0	18	0	0	0	37	0	0	0	0	0	0	0	0	0	0	0	0	0	0	0	0	0	0	0	0	0	0	0	0	0	0	0	0	0	6	0	5	0	17
0	0	0	0	0	0	0	0	0	0	0	0	0	0	0	0	0	0	0	0	0	0	0	0	0	0	0	0	0	0	0	0	0	0	0	0	8	0	32	0	0	0	5	0	0	0	47	0	4	0	18	0	23	0	0	0	0	0	0	0	0	0	0	0	0	0	0	0	0	0	0	0	0	0	0	0	0	0	0	0	0	0	4	0	4	0	12	0	57	0
0	0	0	0	0	0	0	0	0	0	0	0	0	0	0	0	0	0	0	0	0	0	0	0	0	0	0	0	0	0	0	0	0	0	0	0	0	6	0	33	0	0	0	4	0	0	0	42	0	7	0	9	0	37	0	0	0	0	0	0	0	0	0	0	0	0	0	3	0	0	0	0	0	0	0	0	0	0	0	0	0	0	0	0	0	6	0	13	0	53
53	0	3	0	0	0	5	0	0	0	5	0	4	0	0	0	10	0	0	0	0	0	0	0	0	0	0	0	6	0	0	0	0	0	0	0	0	0	0	0	0	0	0	0	0	0	0	0	0	0	4	0	0	0	0	0	0	5	10	0	51	0	17	0	14	0	0	7	0	0	0	0	27	0	4	0	3	0	0	0	9	0	0	0	10	0	0	0	7	0
3	50	0	3	0	0	0	4	0	3	0	3	0	4	0	3	0	8	0	0	0	0	0	0	0	0	0	0	0	3	0	0	3	0	0	0	0	0	0	0	0	0	0	0	0	0	0	0	0	0	0	0	0	0	0	0	5	0	3	17	0	42	0	22	0	20	10	4	6	4	0	0	0	20	0	5	0	3	0	0	0	3	0	0	0	5	0	0	0	3
3	0	0	0	0	0	0	0	0	0	0	0	0	0	0	0	0	0	0	0	0	0	0	0	0	0	0	0	3	0	0	0	0	0	0	0	0	0	0	0	0	0	0	0	0	3	0	0	7	0	26	0	0	0	0	0	10	3	0	6	23	0	0	0	15	0	8	27	0	0	0	0	4	0	0	0	6	0	0	0	6	0	0	0	3	0	0	0	0	0
0	6	0	3	0	0	0	0	0	3	0	0	0	3	0	4	0	0	0	0	0	0	0	0	0	0	0	0	0	6	0	0	0	0	0	0	0	0	0	0	0	0	0	0	0	0	0	0	0	7	0	12	0	0	0	0	0	17	6	0	0	13	0	3	0	17	21	7	0	0	0	0	0	7	0	0	0	4	0	0	0	15	0	0	0	6	0	0	0	3
21	0	0	0	0	0	0	0	0	0	3	0	3	0	0	0	3	0	0	0	0	0	0	0	0	0	0	0	3	0	0	0	0	0	0	0	0	0	0	0	0	0	0	0	0	0	0	0	0	0	12	0	0	0	0	0	51	0	23	0	0	0	12	0	17	0	0	0	0	0	0	0	5	0	0	0	0	0	0	0	7	0	0	0	23	0	0	0	10	0
0	31	0	0	0	0	0	0	0	0	0	0	0	0	0	0	0	7	0	0	0	0	0	0	0	0	0	0	0	3	0	0	0	0	0	0	0	0	0	0	0	0	0	0	0	0	0	0	0	0	0	0	0	0	0	0	0	42	0	13	0	0	0	22	0	22	0	0	0	0	0	0	0	9	0	0	0	0	0	0	0	4	0	0	0	12	0	0	0	5
4	0	0	0	0	0	0	0	0	0	0	0	0	0	0	0	7	0	0	0	0	0	0	0	0	0	0	0	0	0	0	0	0	0	0	0	0	0	0	0	0	0	0	0	0	0	0	0	0	0	0	0	0	0	0	0	17	0	0	0	12	0	0	0	3	0	0	0	0	0	0	0	0	0	0	0	0	0	0	0	17	0	0	0	22	0	0	0	9	0
0	12	0	0	0	0	0	0	0	0	0	3	0	0	0	0	0	25	0	0	0	0	0	0	0	0	0	0	0	5	0	0	0	0	0	0	0	0	0	0	0	0	0	0	0	0	0	0	0	0	0	0	0	0	0	0	0	22	0	3	0	22	0	0	0	9	0	0	0	0	0	0	0	6	0	0	0	0	0	0	0	17	0	0	0	28	0	0	0	8
7	0	0	0	0	0	0	0	0	0	0	0	0	0	0	0	0	0	0	0	0	0	0	0	0	0	0	0	4	0	0	0	0	0	0	0	0	0	0	0	0	0	0	0	0	0	0	0	0	0	10	0	0	0	0	0	14	0	15	0	17	0	3	0	0	0	0	0	0	0	0	0	4	0	0	0	0	0	0	0	6	0	0	0	36	0	0	0	12	0
0	18	0	0	0	0	0	3	0	3	0	0	0	4	0	4	0	3	0	0	0	0	0	0	0	0	0	0	0	6	0	0	0	0	0	0	0	0	0	0	0	0	0	0	0	0	0	0	0	3	0	12	0	0	0	0	0	20	0	17	0	22	0	9	0	0	0	0	0	0	0	0	0	9	0	0	0	0	0	0	0	22	0	0	0	43	0	0	0	15
0	0	0	0	0	0	0	0	0	0	0	0	0	0	0	0	0	0	4	0	0	0	5	0	0	0	0	0	0	0	12	0	41	7	12	4	4	0	8	0	0	0	14	0	20	5	6	0	4	3	4	0	0	0	0	0	0	10	8	21	0	0	0	0	0	0	0	59	7	6	0	0	0	0	0	0	3	0	0	0	0	0	0	0	0	0	0	0	0	0
0	0	0	0	0	0	0	0	0	0	0	0	0	0	0	0	0	0	0	6	0	0	0	3	0	0	0	0	0	0	0	13	7	47	6	11	0	3	0	8	0	0	0	20	5	24	0	9	3	6	0	0	0	0	0	3	7	4	27	7	0	0	0	0	0	0	59	0	12	8	0	0	0	0	0	0	0	0	0	0	0	4	0	0	0	0	0	0	0	0
0	22	0	5	0	0	0	0	0	0	0	0	0	0	0	0	0	0	8	18	0	0	0	0	0	0	0	0	0	0	0	0	14	4	0	0	0	0	0	0	0	0	0	0	0	0	0	0	0	0	0	0	0	0	0	0	0	6	0	0	0	0	0	0	0	0	7	12	0	19	0	0	0	0	0	0	4	0	0	0	0	0	0	0	0	0	0	0	0	0
3	0	0	0	0	0	0	0	0	0	0	0	0	0	0	0	0	0	0	8	0	0	0	0	0	0	0	0	0	0	0	0	4	6	0	0	0	0	0	0	0	0	0	0	0	0	0	0	0	0	0	0	0	0	0	0	0	4	0	0	0	0	0	0	0	0	6	8	19	0	0	0	0	0	0	0	0	0	0	0	0	0	0	0	0	0	0	0	0	0
0	0	7	0	12	0	3	0	5	0	0	0	0	0	0	0	0	0	4	0	5	0	3	0	8	3	6	0	0	0	3	0	0	0	0	0	0	0	0	0	0	0	0	0	0	0	0	0	0	0	0	0	0	0	0	0	0	0	0	0	0	0	0	0	0	0	0	0	0	0	0	0	3	0	0	0	5	0	0	0	0	0	3	0	0	0	0	0	0	0
0	0	0	8	0	9	0	3	0	5	0	0	0	0	0	0	0	0	0	3	0	4	0	5	0	7	0	5	0	0	0	0	0	0	0	0	0	4	0	0	0	0	0	0	0	0	0	0	0	0	0	0	0	0	0	0	0	0	0	0	0	0	0	0	0	0	0	0	0	0	0	0	0	4	0	0	0	8	0	0	0	0	0	3	0	0	0	4	0	0
26	0	25	0	11	0	16	0	14	0	5	0	17	0	14	0	0	0	14	3	0	0	4	0	3	0	0	0	3	0	0	0	0	0	0	0	0	0	0	0	0	0	0	0	0	0	0	0	0	0	5	0	0	0	0	0	27	0	4	0	5	0	0	0	4	0	0	0	0	0	3	0	0	0	5	0	0	0	0	0	0	0	0	0	3	0	0	0	0	0
0	20	0	25	0	10	0	17	0	18	0	8	0	15	0	15	0	6	3	6	0	0	0	4	0	3	0	0	0	4	0	0	0	0	0	0	0	0	0	0	0	0	0	0	0	0	0	0	0	0	0	3	0	0	0	0	0	20	0	7	0	9	0	6	0	9	0	0	0	0	0	4	0	0	0	5	0	0	0	0	0	3	0	3	0	7	0	0	0	3
3	0	3	0	3	0	0	0	3	0	0	0	0	0	0	0	0	0	0	0	0	0	0	0	0	0	0	0	0	0	0	0	0	0	0	0	0	0	0	0	0	0	0	0	0	0	0	0	0	0	0	0	0	0	0	0	4	0	0	0	0	0	0	0	0	0	0	0	0	0	0	0	5	0	0	0	0	0	0	0	0	0	0	0	0	0	0	0	0	0
0	4	0	4	0	3	0	0	0	4	0	0	0	0	0	0	0	0	0	0	0	0	0	0	0	0	0	0	0	0	0	0	0	0	0	0	0	0	0	0	0	0	0	0	0	0	0	0	0	0	0	0	0	0	0	0	0	5	0	0	0	0	0	0	0	0	0	0	0	0	0	0	0	5	0	0	0	0	0	0	0	0	0	0	0	0	0	0	0	0
4	0	12	0	4	0	6	0	4	0	0	0	5	0	0	0	0	0	10	0	0	0	3	0	0	0	0	0	0	0	0	0	0	0	0	0	3	0	0	0	0	0	0	0	0	0	0	0	0	0	4	0	0	0	0	0	3	0	6	0	0	0	0	0	0	0	3	0	4	0	5	0	0	0	0	0	0	0	0	0	0	0	0	0	0	0	4	0	0	0
0	3	0	13	0	3	0	5	0	4	0	0	0	3	0	0	0	0	0	4	0	0	0	4	0	0	0	0	0	0	0	0	0	0	0	0	0	4	0	0	0	0	0	0	0	0	0	0	0	0	0	0	0	0	0	0	0	3	0	4	0	0	0	0	0	0	0	0	0	0	0	8	0	0	0	0	0	0	0	0	0	0	0	0	0	0	0	5	0	0
0	0	0	0	0	0	0	0	0	0	0	0	0	0	0	0	4	0	0	0	0	0	0	0	0	0	0	0	4	0	0	0	0	0	0	0	0	0	0	0	0	0	0	0	0	0	0	0	0	0	0	0	0	0	0	0	0	0	0	0	0	0	0	0	0	0	0	0	0	0	0	0	0	0	0	0	0	0	0	0	7	0	0	0	0	0	0	0	0	0
0	0	0	0	0	0	0	0	0	0	0	0	0	0	0	0	0	4	0	0	0	0	0	0	0	0	0	0	0	0	0	0	0	0	0	0	0	0	0	0	0	0	0	0	0	0	0	0	0	0	0	0	0	0	0	0	0	0	0	0	0	0	0	0	0	0	0	0	0	0	0	0	0	0	0	0	0	0	0	0	0	5	0	0	0	0	0	0	0	0
4	0	0	0	0	0	0	0	0	0	0	0	0	0	0	0	16	0	0	0	0	0	0	0	0	0	0	0	10	0	0	0	0	0	0	0	0	0	0	0	0	0	0	0	0	0	0	0	3	0	30	0	0	0	0	0	9	0	6	0	7	0	17	0	6	0	0	0	0	0	0	0	0	0	0	0	0	0	7	0	0	0	12	0	63	0	0	0	6	0
0	0	0	0	0	0	0	0	0	0	0	0	0	0	0	0	0	16	0	0	0	0	0	0	0	0	0	0	0	10	0	0	0	0	0	0	0	0	0	0	0	0	0	0	0	0	0	0	0	4	0	23	0	0	0	0	0	3	0	15	0	4	0	17	0	22	0	4	0	0	0	0	0	3	0	0	0	0	0	5	0	0	0	22	0	53	0	0	0	8
0	0	0	0	14	0	0	0	11	0	0	0	3	0	22	0	0	0	0	0	5	0	0	0	3	0	5	0	11	0	0	0	0	0	0	0	7	0	5	0	6	0	6	0	0	0	7	0	3	0	9	0	3	0	4	0	0	0	0	0	0	0	0	0	0	0	0	0	0	0	3	0	0	0	0	0	0	0	0	0	12	0	0	0	7	0	11	0	3	0
0	0	0	0	0	11	0	0	0	15	0	0	0	0	0	16	0	3	0	0	0	4	0	0	0	0	0	4	0	11	0	0	0	0	0	0	0	3	0	3	0	3	0	3	0	0	0	7	0	3	0	7	0	0	0	0	0	0	0	0	0	0	0	0	0	0	0	0	0	0	0	3	0	3	0	0	0	0	0	0	0	22	0	0	0	7	0	10	0	3
15	0	0	0	0	0	0	0	0	0	4	0	3	0	0	0	6	0	0	0	0	0	0	0	0	0	0	0	4	0	0	0	0	0	0	0	0	0	0	0	0	0	6	0	0	0	5	0	4	0	44	0	6	0	4	0	10	0	3	0	23	0	22	0	36	0	0	0	0	0	0	0	3	0	0	0	0	0	0	0	63	0	7	0	0	0	9	0	51	0
0	11	0	0	0	0	0	0	0	0	0	0	0	3	0	3	0	3	0	0	0	0	0	0	0	0	0	0	0	5	0	0	0	0	0	0	0	0	0	0	0	0	0	4	0	0	0	9	0	8	0	34	0	6	0	6	0	5	0	6	0	12	0	28	0	43	0	0	0	0	0	0	0	7	0	0	0	0	0	0	0	53	0	7	0	0	0	19	0	64
0	0	0	0	4	0	0	0	3	0	0	0	0	0	3	0	0	0	0	0	0	0	0	0	0	0	0	0	0	0	0	0	0	0	0	0	12	0	8	0	3	0	5	0	0	0	8	0	0	0	6	0	3	0	12	0	0	0	0	0	0	0	0	0	0	0	0	0	0	0	0	0	0	0	0	0	4	0	0	0	0	0	11	0	9	0	0	0	13	0
0	0	0	0	0	7	0	0	0	8	0	0	0	0	0	5	0	0	0	0	0	3	0	0	0	0	0	4	0	0	0	0	0	0	0	0	0	11	0	10	0	3	0	5	0	0	0	11	0	5	0	5	0	5	0	13	0	0	0	0	0	0	0	0	0	0	0	0	0	0	0	4	0	0	0	0	0	5	0	0	0	0	0	10	0	19	0	0	0	20
9	0	0	0	0	0	0	0	0	0	3	0	0	0	0	0	3	0	0	0	0	0	0	0	0	0	0	0	3	0	0	0	0	0	0	0	4	0	3	0	0	0	7	0	0	0	10	0	5	0	32	0	17	0	57	0	7	0	0	0	10	0	9	0	12	0	0	0	0	0	0	0	0	0	0	0	0	0	0	0	6	0	3	0	51	0	13	0	0	0
0	5	0	0	0	0	0	0	0	0	0	0	0	0	0	0	0	0	0	0	0	0	0	0	0	0	0	0	0	3	0	0	0	0	0	0	0	4	0	4	0	0	0	4	0	0	0	9	0	11	0	30	0	17	0	53	0	3	0	3	0	5	0	8	0	15	0	0	0	0	0	0	0	3	0	0	0	0	0	0	0	8	0	3	0	64	0	20	0	0